"
h=0.02 + (32/45)*0.08;
p=0.4+(44/45)*1.2;
w=0.05 + (24/45)*p;
"

vn = 5000+ x/85*5000 